Sat Feb  8 21:01:28 2020	 29.0	 0.00000	 8.09000	 -0.31000	 -0.76000	 1.86000	 -4.19000	 -1.50000	0	
Sat Feb  8 21:01:28 2020	 30.0	 0.00000	 8.14000	 -0.28000	 -0.80000	 1.99000	 -3.53000	 -0.92000	0	
Sat Feb  8 21:01:28 2020	 31.0	 0.00000	 8.10000	 -0.17000	 -0.79000	 1.48000	 -3.53000	 -1.16000	0	
Sat Feb  8 21:01:29 2020	 32.0	 0.00000	 8.13000	 -0.23000	 -0.75000	 1.75000	 -4.65000	 -1.36000	0	
Sat Feb  8 21:01:29 2020	 33.0	 0.00000	 8.13000	 -0.23000	 -0.72000	 1.73000	 -2.29000	 -1.41000	0	
Sat Feb  8 21:01:29 2020	 34.0	 0.00000	 8.13000	 -0.22000	 -0.78000	 1.72000	 -4.50000	 -1.30000	0	
Sat Feb  8 21:01:29 2020	 35.0	 0.00000	 8.11000	 -0.30000	 -0.85000	 1.99000	 -3.24000	 -1.74000	0	
Sat Feb  8 21:01:30 2020	 36.0	 0.00000	 8.09000	 -0.29000	 -0.75000	 1.22000	 -4.28000	 -1.37000	0	
Sat Feb  8 21:01:30 2020	 37.0	 0.00000	 8.12000	 -0.29000	 -0.70000	 1.56000	 -4.48000	 -1.38000	0	
Sat Feb  8 21:01:30 2020	 38.0	 0.00000	 8.14000	 -0.29000	 -0.81000	 2.09000	 -4.01000	 -1.26000	0	
Sat Feb  8 21:01:30 2020	 39.0	 0.00000	 8.13000	 -0.25000	 -0.63000	 1.85000	 -3.98000	 -1.36000	0	
Sat Feb  8 21:01:31 2020	 40.0	 0.00000	 8.13000	 -0.24000	 -0.77000	 1.79000	 -4.44000	 -1.61000	0	
Sat Feb  8 21:01:31 2020	 41.0	 0.00000	 8.13000	 -0.24000	 -0.63000	 1.87000	 -4.71000	 -1.43000	0	
Sat Feb  8 21:01:31 2020	 42.0	 0.00000	 8.19000	 -0.30000	 -0.77000	 1.59000	 -4.18000	 -1.11000	0	
Sat Feb  8 21:01:31 2020	 43.0	 0.00000	 8.10000	 -0.28000	 -0.72000	 1.89000	 -4.47000	 -1.11000	0	
Sat Feb  8 21:01:32 2020	 44.0	 0.00000	 8.13000	 -0.26000	 -0.68000	 1.59000	 -1.53000	 -1.19000	0	
Sat Feb  8 21:01:32 2020	 45.0	 0.00000	 8.10000	 -0.24000	 -0.78000	 1.93000	 -3.39000	 -1.57000	0	
Sat Feb  8 21:01:32 2020	 46.0	 0.00000	 8.15000	 -0.29000	 -0.69000	 0.94000	 -3.31000	 -1.41000	0	
Sat Feb  8 21:01:32 2020	 47.0	 0.00000	 8.15000	 -0.31000	 -0.72000	 1.56000	 -3.59000	 -1.36000	0	
Sat Feb  8 21:01:33 2020	 48.0	 0.00000	 8.16000	 -0.22000	 -0.64000	 1.76000	 -4.34000	 -1.27000	0	
Sat Feb  8 21:01:33 2020	 49.0	 0.00000	 8.15000	 -0.28000	 -0.67000	 1.61000	 -4.08000	 -1.49000	0	
Sat Feb  8 21:01:33 2020	 50.0	 0.00000	 8.09000	 -0.27000	 -0.72000	 1.16000	 -3.74000	 -1.44000	0	
Sat Feb  8 21:01:33 2020	 51.0	 0.00000	 8.14000	 -0.21000	 -0.68000	 1.76000	 -4.07000	 -1.38000	0	
Sat Feb  8 21:01:34 2020	 52.0	 0.00000	 8.15000	 -0.27000	 -0.70000	 1.63000	 -4.40000	 -1.15000	0	
Sat Feb  8 21:01:34 2020	 53.0	 0.00000	 8.11000	 -0.22000	 -0.72000	 1.44000	 -4.17000	 -1.45000	0	
Sat Feb  8 21:01:34 2020	 54.0	 0.00000	 8.14000	 -0.29000	 -0.73000	 2.11000	 -4.15000	 -1.47000	0	
Sat Feb  8 21:01:34 2020	 55.0	 0.00000	 8.15000	 -0.24000	 -0.74000	 2.09000	 -4.07000	 -1.72000	0	
Sat Feb  8 21:01:35 2020	 56.0	 0.00000	 8.14000	 -0.26000	 -0.78000	 1.24000	 -4.05000	 -1.61000	0	
Sat Feb  8 21:01:35 2020	 57.0	 0.00000	 8.13000	 -0.28000	 -0.73000	 1.98000	 -4.06000	 -1.49000	0	
Sat Feb  8 21:01:35 2020	 58.0	 0.00000	 8.14000	 -0.26000	 -0.78000	 1.94000	 -3.56000	 -1.47000	0	
Sat Feb  8 21:01:36 2020	 59.0	 0.00000	 8.18000	 -0.24000	 -0.70000	 1.95000	 -4.47000	 -1.43000	0	
Sat Feb  8 21:01:48 2020	 107.0	 0.00000	 2.93000	 -7.30000	 -1.82000	 2.67000	 -4.95000	 -2.72000	1	
Sat Feb  8 21:01:48 2020	 108.0	 0.00000	 2.92000	 -7.32000	 -1.80000	 -1.08000	 0.82000	 -1.98000	1	
Sat Feb  8 21:01:48 2020	 109.0	 0.00000	 2.97000	 -7.44000	 -1.76000	 4.98000	 2.65000	 -3.11000	1	
Sat Feb  8 21:01:49 2020	 110.0	 0.00000	 3.04000	 -7.56000	 -1.59000	 5.95000	 2.87000	 0.37000	1	
Sat Feb  8 21:01:49 2020	 111.0	 0.00000	 3.12000	 -7.28000	 -1.02000	 6.01000	 5.11000	 -7.95000	1	
Sat Feb  8 21:01:49 2020	 112.0	 0.00000	 3.46000	 -7.17000	 -1.45000	 -4.43000	 -3.94000	 -0.29000	1	
Sat Feb  8 21:01:50 2020	 113.0	 0.00000	 3.57000	 -7.40000	 -1.17000	 19.31000	 9.11000	 4.47000	1	
Sat Feb  8 21:01:50 2020	 114.0	 0.00000	 3.43000	 -7.26000	 -0.83000	 0.40000	 -4.97000	 -2.19000	1	
Sat Feb  8 21:01:50 2020	 115.0	 0.00000	 3.44000	 -7.34000	 -1.16000	 -0.34000	 -4.79000	 -1.76000	1	
Sat Feb  8 21:01:50 2020	 116.0	 0.00000	 3.33000	 -7.26000	 -0.97000	 1.18000	 -5.84000	 -1.07000	1	
Sat Feb  8 21:01:50 2020	 117.0	 0.00000	 3.44000	 -7.37000	 -1.07000	 0.14000	 -4.04000	 -1.26000	1	
Sat Feb  8 21:01:51 2020	 118.0	 0.00000	 3.39000	 -7.26000	 -1.11000	 0.49000	 -4.10000	 -1.29000	1	
Sat Feb  8 21:01:51 2020	 119.0	 0.00000	 3.33000	 -7.21000	 -1.14000	 1.93000	 -5.97000	 -1.57000	1	
Sat Feb  8 21:01:51 2020	 120.0	 0.00000	 3.46000	 -7.27000	 -1.08000	 1.18000	 -4.52000	 -2.39000	1	
Sat Feb  8 21:01:51 2020	 121.0	 0.00000	 3.49000	 -7.38000	 -1.30000	 2.00000	 -5.92000	 -0.85000	1	
Sat Feb  8 21:01:52 2020	 122.0	 0.00000	 3.38000	 -7.27000	 -1.15000	 1.63000	 -4.33000	 -2.21000	1	
Sat Feb  8 21:01:52 2020	 123.0	 0.00000	 3.44000	 -7.24000	 -1.16000	 -0.01000	 -3.23000	 -0.64000	1	
Sat Feb  8 21:01:52 2020	 124.0	 0.00000	 3.49000	 -7.32000	 -1.23000	 1.11000	 -3.15000	 -0.47000	1	
Sat Feb  8 21:01:52 2020	 125.0	 0.00000	 3.40000	 -7.20000	 -1.42000	 2.35000	 -3.50000	 -1.21000	1	
Sat Feb  8 21:01:53 2020	 126.0	 0.00000	 3.44000	 -7.18000	 -1.23000	 2.60000	 -3.72000	 -1.56000	1	
Sat Feb  8 21:01:53 2020	 127.0	 0.00000	 3.53000	 -7.20000	 -1.40000	 0.61000	 -3.03000	 -0.97000	1	
Sat Feb  8 21:01:53 2020	 128.0	 0.00000	 3.49000	 -7.41000	 -1.27000	 2.44000	 -3.71000	 -0.44000	1	
Sat Feb  8 21:01:54 2020	 129.0	 0.00000	 3.44000	 -7.25000	 -1.27000	 1.38000	 -4.32000	 -1.80000	1	
Sat Feb  8 21:01:54 2020	 130.0	 0.00000	 3.40000	 -7.22000	 -1.28000	 1.48000	 -3.31000	 -2.15000	1	
Sat Feb  8 21:01:54 2020	 131.0	 0.00000	 3.46000	 -7.45000	 -1.23000	 1.12000	 -2.96000	 -0.73000	1	
Sat Feb  8 21:01:54 2020	 132.0	 0.00000	 3.44000	 -7.32000	 -1.34000	 2.02000	 -4.52000	 -1.41000	1	
Sat Feb  8 21:01:55 2020	 133.0	 0.00000	 3.49000	 -7.26000	 -1.29000	 0.18000	 -4.21000	 -2.51000	1	
Sat Feb  8 21:01:55 2020	 134.0	 0.00000	 3.41000	 -7.23000	 -1.41000	 2.19000	 -4.09000	 -1.20000	1	
Sat Feb  8 21:01:55 2020	 135.0	 0.00000	 3.46000	 -7.20000	 -1.46000	 1.09000	 -3.10000	 -1.41000	1	
Sat Feb  8 21:01:55 2020	 136.0	 0.00000	 3.58000	 -7.37000	 -1.22000	 1.02000	 -5.40000	 -3.26000	1	
Sat Feb  8 21:01:56 2020	 137.0	 0.00000	 3.42000	 -7.22000	 -1.29000	 1.20000	 -3.41000	 -0.18000	1	
Sat Feb  8 21:01:56 2020	 138.0	 0.00000	 3.48000	 -7.22000	 -1.29000	 1.88000	 -4.49000	 -0.50000	1	
Sat Feb  8 21:01:56 2020	 139.0	 0.00000	 3.40000	 -7.31000	 -1.20000	 1.89000	 -3.79000	 -1.05000	1	
Sat Feb  8 21:01:56 2020	 140.0	 0.00000	 3.43000	 -7.31000	 -1.30000	 0.07000	 -3.06000	 -1.71000	1	
Sat Feb  8 21:01:57 2020	 141.0	 0.00000	 3.54000	 -7.29000	 -1.15000	 2.66000	 -4.63000	 -3.48000	1	
Sat Feb  8 21:01:57 2020	 142.0	 0.00000	 3.43000	 -7.12000	 -1.37000	 -0.02000	 -1.92000	 0.00000	1	
Sat Feb  8 21:01:57 2020	 143.0	 0.00000	 3.50000	 -7.33000	 -1.29000	 1.04000	 -3.37000	 -1.55000	1	
Sat Feb  8 21:01:57 2020	 144.0	 0.00000	 3.48000	 -7.26000	 -1.36000	 3.55000	 -4.18000	 -0.44000	1	
Sat Feb  8 21:01:58 2020	 145.0	 0.00000	 3.47000	 -7.25000	 -1.29000	 1.13000	 -4.36000	 -2.37000	1	
Sat Feb  8 21:01:58 2020	 146.0	 0.00000	 3.32000	 -7.21000	 -1.32000	 2.04000	 -4.57000	 -0.47000	1	
Sat Feb  8 21:01:58 2020	 147.0	 0.00000	 3.46000	 -7.30000	 -1.25000	 0.76000	 -2.89000	 -1.45000	1	
Sat Feb  8 21:01:58 2020	 148.0	 0.00000	 3.46000	 -7.29000	 -1.28000	 2.44000	 -5.07000	 -0.76000	1	
Sat Feb  8 21:01:59 2020	 149.0	 0.00000	 3.45000	 -7.15000	 -1.26000	 1.85000	 -4.51000	 -1.13000	1	
Sat Feb  8 21:01:59 2020	 150.0	 0.00000	 3.43000	 -7.25000	 -1.32000	 1.08000	 -3.41000	 -1.20000	1	
Sat Feb  8 21:01:59 2020	 151.0	 0.00000	 3.40000	 -7.20000	 -1.28000	 1.41000	 -3.94000	 -1.28000	1	
Sat Feb  8 21:01:59 2020	 152.0	 0.00000	 3.37000	 -7.25000	 -1.32000	 1.07000	 -2.70000	 -0.95000	1	
Sat Feb  8 21:02:00 2020	 153.0	 0.00000	 3.45000	 -7.41000	 -1.46000	 1.38000	 -4.27000	 -0.91000	1	
Sat Feb  8 21:02:06 2020	 178.0	 0.00000	 4.36000	 6.72000	 -1.37000	 0.68000	 -3.24000	 -3.11000	2	
Sat Feb  8 21:02:06 2020	 179.0	 0.00000	 4.41000	 6.65000	 -1.29000	 2.25000	 -4.98000	 -0.35000	2	
Sat Feb  8 21:02:07 2020	 180.0	 0.00000	 4.34000	 6.74000	 -1.28000	 1.80000	 -3.50000	 -0.76000	2	
Sat Feb  8 21:02:07 2020	 181.0	 0.00000	 4.26000	 6.84000	 -1.27000	 0.38000	 -4.71000	 -0.74000	2	
Sat Feb  8 21:02:07 2020	 182.0	 0.00000	 4.13000	 6.82000	 -1.48000	 1.59000	 -1.61000	 -3.28000	2	
Sat Feb  8 21:02:08 2020	 183.0	 0.00000	 4.17000	 6.80000	 -1.23000	 2.16000	 0.66000	 -0.42000	2	
Sat Feb  8 21:02:08 2020	 184.0	 0.00000	 4.16000	 6.88000	 -1.25000	 13.56000	 5.99000	 1.36000	2	
Sat Feb  8 21:02:08 2020	 185.0	 0.00000	 4.42000	 6.58000	 -1.39000	 6.02000	 22.31000	 14.55000	2	
Sat Feb  8 21:02:08 2020	 186.0	 0.00000	 4.75000	 6.58000	 -1.43000	 0.13000	 -4.23000	 -3.31000	2	
Sat Feb  8 21:02:09 2020	 187.0	 0.00000	 4.93000	 6.46000	 -1.51000	 2.73000	 -2.93000	 0.44000	2	
Sat Feb  8 21:02:09 2020	 188.0	 0.00000	 4.54000	 6.54000	 -1.35000	 3.97000	 -3.98000	 -0.95000	2	
Sat Feb  8 21:02:09 2020	 189.0	 0.00000	 4.76000	 6.45000	 -1.43000	 3.84000	 -5.26000	 -2.52000	2	
Sat Feb  8 21:02:09 2020	 190.0	 0.00000	 4.64000	 6.49000	 -1.37000	 2.64000	 -6.43000	 -1.51000	2	
Sat Feb  8 21:02:10 2020	 191.0	 0.00000	 4.66000	 6.67000	 -1.55000	 2.40000	 -6.03000	 -4.14000	2	
Sat Feb  8 21:02:10 2020	 192.0	 0.00000	 4.63000	 6.64000	 -1.43000	 0.11000	 -3.50000	 -1.39000	2	
Sat Feb  8 21:02:10 2020	 193.0	 0.00000	 4.62000	 6.48000	 -1.51000	 1.87000	 -4.94000	 -1.14000	2	
Sat Feb  8 21:02:10 2020	 194.0	 0.00000	 4.66000	 6.58000	 -1.58000	 2.05000	 -4.49000	 -1.38000	2	
Sat Feb  8 21:02:11 2020	 195.0	 0.00000	 4.61000	 6.67000	 -1.70000	 2.46000	 -5.14000	 -2.52000	2	
Sat Feb  8 21:02:11 2020	 196.0	 0.00000	 4.58000	 6.62000	 -1.54000	 0.81000	 -4.41000	 -1.71000	2	
Sat Feb  8 21:02:11 2020	 197.0	 0.00000	 4.62000	 6.58000	 -1.65000	 0.81000	 -4.91000	 -2.50000	2	
Sat Feb  8 21:02:11 2020	 198.0	 0.00000	 4.46000	 6.59000	 -1.46000	 4.27000	 -4.86000	 0.16000	2	
Sat Feb  8 21:02:12 2020	 199.0	 0.00000	 4.46000	 6.54000	 -1.36000	 2.95000	 -1.02000	 -0.59000	2	
Sat Feb  8 21:02:12 2020	 200.0	 0.00000	 4.61000	 6.57000	 -1.71000	 2.58000	 -6.24000	 -2.37000	2	
Sat Feb  8 21:02:12 2020	 201.0	 0.00000	 4.50000	 6.67000	 -1.71000	 3.65000	 -0.41000	 -2.77000	2	
Sat Feb  8 21:02:12 2020	 202.0	 0.00000	 4.45000	 6.62000	 -1.55000	 1.33000	 -3.27000	 0.19000	2	
Sat Feb  8 21:02:13 2020	 203.0	 0.00000	 4.53000	 6.71000	 -1.25000	 -2.08000	 -0.17000	 -4.15000	2	
Sat Feb  8 21:02:13 2020	 204.0	 0.00000	 4.47000	 6.69000	 -1.41000	 1.58000	 -5.16000	 -0.05000	2	
Sat Feb  8 21:02:13 2020	 205.0	 0.00000	 4.48000	 6.69000	 -1.49000	 1.58000	 -5.60000	 -1.87000	2	
Sat Feb  8 21:02:13 2020	 206.0	 0.00000	 4.49000	 6.77000	 -1.53000	 3.10000	 -3.91000	 -2.82000	2	
Sat Feb  8 21:02:14 2020	 207.0	 0.00000	 4.48000	 6.67000	 -1.57000	 1.45000	 -4.85000	 -1.61000	2	
Sat Feb  8 21:02:14 2020	 208.0	 0.00000	 4.44000	 6.80000	 -1.60000	 1.72000	 -4.31000	 -0.64000	2	
Sat Feb  8 21:02:14 2020	 209.0	 0.00000	 4.46000	 6.65000	 -1.55000	 3.76000	 -4.25000	 -1.71000	2	
Sat Feb  8 21:02:15 2020	 210.0	 0.00000	 4.45000	 6.74000	 -1.60000	 1.93000	 -4.70000	 -2.46000	2	
Sat Feb  8 21:02:15 2020	 211.0	 0.00000	 4.37000	 6.66000	 -1.54000	 1.55000	 -3.63000	 -1.14000	2	
Sat Feb  8 21:02:15 2020	 212.0	 0.00000	 4.44000	 6.69000	 -1.65000	 4.75000	 -6.22000	 -4.06000	2	
Sat Feb  8 21:02:15 2020	 213.0	 0.00000	 4.35000	 6.72000	 -1.60000	 2.49000	 -5.51000	 -1.47000	2	
Sat Feb  8 21:02:16 2020	 214.0	 0.00000	 4.36000	 6.75000	 -1.69000	 1.94000	 -2.85000	 -2.06000	2	
Sat Feb  8 21:02:17 2020	 219.0	 0.00000	 4.43000	 6.71000	 -1.59000	 0.25000	 -4.06000	 -2.43000	2	
Sat Feb  8 21:02:17 2020	 220.0	 0.00000	 4.33000	 6.63000	 -1.59000	 2.91000	 -4.36000	 -0.79000	2	
Sat Feb  8 21:02:17 2020	 221.0	 0.00000	 4.34000	 6.76000	 -1.69000	 2.05000	 -3.89000	 -1.44000	2	
Sat Feb  8 21:02:18 2020	 222.0	 0.00000	 4.41000	 6.71000	 -1.62000	 1.47000	 -4.06000	 -1.19000	2	
Sat Feb  8 21:02:18 2020	 223.0	 0.00000	 4.46000	 6.71000	 -1.80000	 1.93000	 -4.35000	 -1.56000	2	
Sat Feb  8 21:02:33 2020	 283.0	 0.00000	 1.46000	 -0.03000	 -8.48000	 2.62000	 -5.95000	 -1.97000	3	
Sat Feb  8 21:02:34 2020	 284.0	 0.00000	 1.38000	 0.03000	 -8.58000	 2.63000	 -4.31000	 -0.95000	3	
Sat Feb  8 21:02:34 2020	 285.0	 0.00000	 1.41000	 -0.02000	 -8.52000	 1.17000	 -7.54000	 -1.03000	3	
Sat Feb  8 21:02:34 2020	 286.0	 0.00000	 1.32000	 0.01000	 -8.56000	 2.41000	 -3.76000	 -1.15000	3	
Sat Feb  8 21:02:34 2020	 287.0	 0.00000	 1.39000	 -0.06000	 -8.54000	 1.09000	 -4.93000	 -1.63000	3	
Sat Feb  8 21:02:35 2020	 288.0	 0.00000	 1.08000	 -0.02000	 -8.27000	 0.54000	 -2.41000	 -2.33000	3	
Sat Feb  8 21:02:35 2020	 289.0	 0.00000	 1.30000	 -0.04000	 -8.38000	 -0.07000	 -6.56000	 -1.33000	3	
Sat Feb  8 21:02:35 2020	 290.0	 0.00000	 1.19000	 -0.08000	 -8.77000	 1.84000	 -5.77000	 -2.05000	3	
Sat Feb  8 21:02:35 2020	 291.0	 0.00000	 1.22000	 -0.15000	 -8.61000	 2.13000	 -7.05000	 -3.21000	3	
Sat Feb  8 21:02:36 2020	 292.0	 0.00000	 1.12000	 -0.08000	 -8.69000	 1.77000	 -5.20000	 -2.06000	3	
Sat Feb  8 21:02:36 2020	 293.0	 0.00000	 1.09000	 -0.14000	 -8.62000	 2.31000	 -2.36000	 -2.82000	3	
Sat Feb  8 21:02:36 2020	 294.0	 0.00000	 1.05000	 0.04000	 -8.61000	 1.21000	 -5.79000	 -0.56000	3	
Sat Feb  8 21:02:36 2020	 295.0	 0.00000	 1.11000	 -0.01000	 -8.69000	 2.17000	 -4.03000	 -1.72000	3	
Sat Feb  8 21:02:37 2020	 296.0	 0.00000	 1.11000	 -0.09000	 -8.60000	 1.71000	 -5.34000	 -0.78000	3	
Sat Feb  8 21:02:37 2020	 297.0	 0.00000	 1.12000	 -0.07000	 -8.62000	 1.60000	 -4.98000	 -0.68000	3	
Sat Feb  8 21:02:37 2020	 298.0	 0.00000	 1.04000	 -0.00000	 -8.40000	 -0.56000	 -4.21000	 -1.95000	3	
Sat Feb  8 21:02:37 2020	 299.0	 0.00000	 0.95000	 -0.04000	 -8.58000	 2.81000	 -3.95000	 -0.60000	3	
Sat Feb  8 21:02:38 2020	 300.0	 0.00000	 0.98000	 -0.04000	 -8.54000	 1.82000	 -4.35000	 -2.03000	3	
Sat Feb  8 21:02:38 2020	 301.0	 0.00000	 1.00000	 -0.06000	 -8.80000	 2.14000	 -5.04000	 -1.79000	3	
Sat Feb  8 21:02:38 2020	 302.0	 0.00000	 0.94000	 -0.11000	 -8.44000	 1.20000	 -3.72000	 -1.31000	3	
Sat Feb  8 21:02:38 2020	 303.0	 0.00000	 0.86000	 -0.05000	 -8.61000	 3.22000	 -6.05000	 -0.82000	3	
Sat Feb  8 21:02:39 2020	 304.0	 0.00000	 0.95000	 -0.11000	 -8.55000	 1.98000	 -4.73000	 -1.21000	3	
Sat Feb  8 21:02:39 2020	 305.0	 0.00000	 1.02000	 -0.09000	 -8.61000	 0.31000	 -4.53000	 -2.49000	3	
Sat Feb  8 21:02:39 2020	 306.0	 0.00000	 1.01000	 -0.12000	 -8.52000	 2.71000	 -3.87000	 -0.89000	3	
Sat Feb  8 21:02:39 2020	 307.0	 0.00000	 0.90000	 -0.03000	 -8.65000	 0.07000	 -5.63000	 -2.30000	3	
Sat Feb  8 21:02:40 2020	 308.0	 0.00000	 0.94000	 -0.06000	 -8.70000	 2.48000	 -3.64000	 -0.89000	3	
Sat Feb  8 21:02:40 2020	 309.0	 0.00000	 0.94000	 -0.14000	 -8.49000	 1.91000	 -4.73000	 -1.53000	3	
Sat Feb  8 21:02:40 2020	 310.0	 0.00000	 0.93000	 -0.14000	 -8.82000	 1.60000	 -4.56000	 -2.11000	3	
Sat Feb  8 21:02:41 2020	 311.0	 0.00000	 0.93000	 -0.20000	 -8.57000	 3.33000	 -3.63000	 0.18000	3	
Sat Feb  8 21:02:41 2020	 312.0	 0.00000	 0.94000	 -0.09000	 -8.59000	 1.01000	 -5.18000	 -0.91000	3	
Sat Feb  8 21:02:41 2020	 313.0	 0.00000	 0.88000	 -0.19000	 -8.47000	 2.04000	 -4.44000	 -1.40000	3	
Sat Feb  8 21:02:41 2020	 314.0	 0.00000	 0.90000	 -0.09000	 -8.75000	 1.50000	 -5.13000	 -0.50000	3	
Sat Feb  8 21:02:42 2020	 315.0	 0.00000	 1.00000	 -0.13000	 -8.45000	 2.20000	 -3.51000	 -0.98000	3	
Sat Feb  8 21:02:42 2020	 316.0	 0.00000	 0.98000	 -0.19000	 -8.55000	 0.89000	 -5.50000	 -0.78000	3	
Sat Feb  8 21:02:42 2020	 317.0	 0.00000	 0.91000	 -0.11000	 -8.70000	 2.67000	 -3.19000	 -1.58000	3	
Sat Feb  8 21:02:42 2020	 318.0	 0.00000	 1.01000	 -0.21000	 -8.53000	 2.18000	 -4.98000	 -1.23000	3	
Sat Feb  8 21:02:43 2020	 319.0	 0.00000	 0.90000	 -0.12000	 -8.61000	 1.45000	 -4.22000	 -1.19000	3	
Sat Feb  8 21:02:43 2020	 320.0	 0.00000	 0.99000	 -0.10000	 -8.65000	 0.79000	 -4.45000	 -1.94000	3	
Sat Feb  8 21:02:43 2020	 321.0	 0.00000	 0.94000	 -0.17000	 -8.51000	 2.88000	 -3.14000	 -1.67000	3	
Sat Feb  8 21:02:43 2020	 322.0	 0.00000	 0.96000	 -0.09000	 -8.60000	 2.42000	 -4.15000	 -0.73000	3	
Sat Feb  8 21:02:44 2020	 323.0	 0.00000	 0.89000	 -0.13000	 -8.57000	 2.12000	 -4.43000	 -1.32000	3	
Sat Feb  8 21:02:44 2020	 324.0	 0.00000	 0.94000	 -0.14000	 -8.68000	 1.53000	 -3.99000	 -1.02000	3	
Sat Feb  8 21:02:44 2020	 325.0	 0.00000	 0.86000	 -0.20000	 -8.63000	 -0.33000	 -3.54000	 -1.39000	3	
Sat Feb  8 21:02:51 2020	 352.0	 0.00000	 0.73000	 0.29000	 7.56000	 1.98000	 -5.56000	 -2.13000	4	
Sat Feb  8 21:02:51 2020	 353.0	 0.00000	 1.18000	 0.16000	 7.48000	 0.65000	 -2.15000	 -1.79000	4	
Sat Feb  8 21:02:52 2020	 354.0	 0.00000	 0.80000	 0.27000	 7.75000	 2.45000	 -4.74000	 -2.76000	4	
Sat Feb  8 21:02:52 2020	 355.0	 0.00000	 0.76000	 0.14000	 7.82000	 0.46000	 -4.45000	 -2.12000	4	
Sat Feb  8 21:02:52 2020	 356.0	 0.00000	 0.80000	 0.32000	 7.70000	 2.15000	 -5.53000	 -2.71000	4	
Sat Feb  8 21:02:53 2020	 357.0	 0.00000	 0.85000	 0.20000	 7.61000	 2.95000	 -4.00000	 -1.98000	4	
Sat Feb  8 21:02:53 2020	 358.0	 0.00000	 0.87000	 0.22000	 7.67000	 0.79000	 -4.47000	 -1.66000	4	
Sat Feb  8 21:02:53 2020	 359.0	 0.00000	 0.76000	 0.29000	 7.79000	 -0.17000	 -2.86000	 -0.76000	4	
Sat Feb  8 21:02:53 2020	 360.0	 0.00000	 0.78000	 0.14000	 7.60000	 4.80000	 -4.13000	 -2.91000	4	
Sat Feb  8 21:02:53 2020	 361.0	 0.00000	 0.86000	 0.25000	 7.72000	 1.02000	 -3.26000	 -1.61000	4	
Sat Feb  8 21:02:54 2020	 362.0	 0.00000	 0.86000	 0.17000	 7.62000	 1.16000	 -3.54000	 -1.11000	4	
Sat Feb  8 21:02:54 2020	 363.0	 0.00000	 0.82000	 0.22000	 7.58000	 2.12000	 -5.70000	 -2.23000	4	
Sat Feb  8 21:02:54 2020	 364.0	 0.00000	 0.95000	 0.08000	 7.59000	 2.47000	 -1.66000	 -1.43000	4	
Sat Feb  8 21:02:55 2020	 365.0	 0.00000	 0.74000	 0.28000	 7.81000	 2.87000	 -3.44000	 -2.72000	4	
Sat Feb  8 21:02:55 2020	 366.0	 0.00000	 0.83000	 0.15000	 7.62000	 1.36000	 -4.02000	 -2.60000	4	
Sat Feb  8 21:02:55 2020	 367.0	 0.00000	 0.72000	 0.14000	 7.73000	 2.79000	 -4.40000	 -1.91000	4	
Sat Feb  8 21:02:55 2020	 368.0	 0.00000	 0.87000	 0.14000	 7.66000	 1.82000	 -3.32000	 -0.91000	4	
Sat Feb  8 21:02:56 2020	 369.0	 0.00000	 0.88000	 0.18000	 7.67000	 1.09000	 -3.52000	 -1.10000	4	
Sat Feb  8 21:02:56 2020	 370.0	 0.00000	 0.78000	 0.17000	 7.63000	 1.62000	 -4.78000	 -1.39000	4	
Sat Feb  8 21:02:56 2020	 371.0	 0.00000	 0.87000	 0.08000	 7.60000	 2.97000	 -4.89000	 -0.75000	4	
Sat Feb  8 21:02:56 2020	 372.0	 0.00000	 0.94000	 0.07000	 7.66000	 0.21000	 -3.05000	 -2.14000	4	
Sat Feb  8 21:02:57 2020	 373.0	 0.00000	 0.87000	 0.09000	 7.53000	 1.91000	 -3.44000	 -1.55000	4	
Sat Feb  8 21:02:57 2020	 374.0	 0.00000	 0.80000	 0.19000	 7.70000	 1.69000	 -5.08000	 -1.58000	4	
Sat Feb  8 21:02:57 2020	 375.0	 0.00000	 0.79000	 0.07000	 7.65000	 1.64000	 -4.21000	 -0.96000	4	
Sat Feb  8 21:02:57 2020	 376.0	 0.00000	 0.89000	 0.07000	 7.76000	 2.63000	 -5.68000	 -2.31000	4	
Sat Feb  8 21:02:58 2020	 377.0	 0.00000	 0.78000	 0.13000	 7.84000	 0.41000	 -2.65000	 -0.45000	4	
Sat Feb  8 21:02:58 2020	 378.0	 0.00000	 0.78000	 0.12000	 7.70000	 3.49000	 -4.07000	 -0.34000	4	
Sat Feb  8 21:02:58 2020	 379.0	 0.00000	 0.82000	 0.09000	 7.59000	 1.04000	 -4.37000	 -1.87000	4	
Sat Feb  8 21:02:58 2020	 380.0	 0.00000	 0.82000	 0.17000	 7.62000	 2.02000	 -4.69000	 -2.16000	4	
Sat Feb  8 21:02:59 2020	 381.0	 0.00000	 0.81000	 0.18000	 7.63000	 2.36000	 -4.40000	 -2.05000	4	
Sat Feb  8 21:02:59 2020	 382.0	 0.00000	 0.78000	 0.10000	 7.61000	 2.88000	 -3.83000	 -0.91000	4	
Sat Feb  8 21:02:59 2020	 383.0	 0.00000	 0.80000	 0.13000	 7.67000	 1.80000	 -3.95000	 -1.67000	4	
Sat Feb  8 21:02:59 2020	 384.0	 0.00000	 0.69000	 0.08000	 7.86000	 -0.06000	 -5.67000	 -1.51000	4	
Sat Feb  8 21:03:00 2020	 385.0	 0.00000	 0.85000	 0.05000	 7.65000	 2.31000	 -4.34000	 -2.27000	4	
Sat Feb  8 21:03:00 2020	 386.0	 0.00000	 0.80000	 0.09000	 7.71000	 2.44000	 -4.62000	 -0.50000	4	
Sat Feb  8 21:03:00 2020	 387.0	 0.00000	 0.91000	 -0.03000	 7.64000	 1.26000	 -5.01000	 -1.95000	4	
Sat Feb  8 21:03:00 2020	 388.0	 0.00000	 0.81000	 0.15000	 7.73000	 1.50000	 -3.96000	 -1.08000	4	
Sat Feb  8 21:03:01 2020	 389.0	 0.00000	 0.88000	 0.06000	 7.61000	 2.49000	 -1.40000	 -1.52000	4	
Sat Feb  8 21:03:01 2020	 390.0	 0.00000	 0.80000	 0.06000	 7.69000	 0.67000	 -3.07000	 -1.32000	4	
Sat Feb  8 21:03:01 2020	 391.0	 0.00000	 0.85000	 0.04000	 7.61000	 2.82000	 -3.08000	 -0.72000	4	
Sat Feb  8 21:03:02 2020	 392.0	 0.00000	 0.63000	 0.02000	 7.93000	 1.38000	 -2.26000	 0.08000	4	
Sat Feb  8 21:03:02 2020	 393.0	 0.00000	 0.66000	 0.09000	 7.70000	 -0.20000	 -4.81000	 -3.00000	4	
Sat Feb  8 21:03:02 2020	 394.0	 0.00000	 0.69000	 0.09000	 7.71000	 0.64000	 -4.10000	 -1.52000	4	
Sat Feb  8 21:03:02 2020	 395.0	 0.00000	 0.67000	 0.08000	 7.69000	 3.24000	 -5.91000	 -2.74000	4	
Sat Feb  8 21:03:03 2020	 396.0	 0.00000	 0.74000	 0.09000	 7.65000	 2.60000	 -4.73000	 -0.89000	4	
Sat Feb  8 21:03:03 2020	 397.0	 0.00000	 0.73000	 0.05000	 7.66000	 2.30000	 -3.62000	 -1.54000	4	
Sat Feb  8 21:03:03 2020	 398.0	 0.00000	 0.87000	 0.03000	 7.64000	 0.90000	 -3.28000	 -1.24000	4	
Sat Feb  8 21:03:03 2020	 399.0	 0.00000	 0.77000	 0.08000	 7.72000	 1.65000	 -4.02000	 -2.06000	4	
Sat Feb  8 21:03:04 2020	 400.0	 0.00000	 0.79000	 0.04000	 7.66000	 1.94000	 -4.33000	 -1.31000	4	
Sat Feb  8 21:03:04 2020	 401.0	 0.00000	 0.78000	 0.06000	 7.68000	 1.96000	 -4.73000	 -1.43000	4	
Sat Feb  8 21:03:04 2020	 402.0	 0.00000	 0.72000	 0.09000	 7.65000	 2.59000	 -4.01000	 -0.61000	4	
Sat Feb  8 21:03:04 2020	 403.0	 0.00000	 0.74000	 0.05000	 7.71000	 1.91000	 -3.88000	 -1.57000	4	
Sat Feb  8 21:03:05 2020	 404.0	 0.00000	 0.80000	 0.05000	 7.59000	 2.28000	 -4.07000	 -1.16000	4	
Sat Feb  8 21:03:05 2020	 405.0	 0.00000	 0.77000	 0.10000	 7.63000	 1.73000	 -5.84000	 -4.77000	4	
Sat Feb  8 21:03:27 2020	 490.0	 0.00000	 -7.91000	 0.17000	 0.59000	 0.74000	 -6.15000	 -1.56000	5	
Sat Feb  8 21:03:27 2020	 491.0	 0.00000	 -7.81000	 0.16000	 0.42000	 0.85000	 -3.63000	 -2.23000	5	
Sat Feb  8 21:03:27 2020	 492.0	 0.00000	 -7.82000	 0.16000	 0.49000	 2.28000	 -4.33000	 -0.70000	5	
Sat Feb  8 21:03:28 2020	 493.0	 0.00000	 -7.83000	 0.20000	 0.55000	 -1.47000	 -7.44000	 -1.94000	5	
Sat Feb  8 21:03:28 2020	 494.0	 0.00000	 -7.91000	 -0.02000	 0.73000	 -0.69000	 -2.02000	 0.96000	5	
Sat Feb  8 21:03:28 2020	 495.0	 0.00000	 -7.95000	 0.35000	 0.57000	 3.60000	 -1.47000	 1.21000	5	
Sat Feb  8 21:03:28 2020	 496.0	 0.00000	 -7.89000	 0.41000	 0.54000	 0.39000	 -2.88000	 1.52000	5	
Sat Feb  8 21:03:29 2020	 497.0	 0.00000	 -7.73000	 0.27000	 0.49000	 2.65000	 -4.79000	 -1.60000	5	
Sat Feb  8 21:03:29 2020	 498.0	 0.00000	 -7.79000	 0.35000	 0.52000	 2.12000	 -4.57000	 -2.16000	5	
Sat Feb  8 21:03:29 2020	 499.0	 0.00000	 -7.79000	 0.36000	 0.49000	 1.62000	 -3.16000	 -0.41000	5	
Sat Feb  8 21:03:29 2020	 500.0	 0.00000	 -7.90000	 0.43000	 0.53000	 1.34000	 -5.70000	 -0.16000	5	
Sat Feb  8 21:03:30 2020	 501.0	 0.00000	 -7.86000	 0.36000	 0.39000	 0.57000	 -6.01000	 -1.95000	5	
Sat Feb  8 21:03:30 2020	 502.0	 0.00000	 -7.84000	 0.30000	 0.55000	 1.88000	 -6.50000	 -0.55000	5	
Sat Feb  8 21:03:30 2020	 503.0	 0.00000	 -8.00000	 0.38000	 0.68000	 1.40000	 -2.21000	 -0.80000	5	
Sat Feb  8 21:03:30 2020	 504.0	 0.00000	 -7.71000	 0.33000	 0.42000	 2.39000	 -1.06000	 -1.13000	5	
Sat Feb  8 21:03:31 2020	 505.0	 0.00000	 -7.80000	 0.29000	 0.48000	 2.94000	 -3.19000	 -0.83000	5	
Sat Feb  8 21:03:31 2020	 506.0	 0.00000	 -7.89000	 0.30000	 0.64000	 1.31000	 -2.58000	 -2.95000	5	
Sat Feb  8 21:03:31 2020	 507.0	 0.00000	 -7.74000	 0.36000	 0.71000	 2.18000	 -2.86000	 -1.24000	5	
Sat Feb  8 21:03:31 2020	 508.0	 0.00000	 -8.01000	 0.32000	 0.65000	 2.99000	 -4.22000	 -2.87000	5	
Sat Feb  8 21:03:32 2020	 509.0	 0.00000	 -7.74000	 0.34000	 0.37000	 1.29000	 -5.43000	 -1.44000	5	
Sat Feb  8 21:03:32 2020	 510.0	 0.00000	 -7.96000	 0.35000	 0.59000	 1.85000	 -5.51000	 -0.25000	5	
Sat Feb  8 21:03:32 2020	 511.0	 0.00000	 -7.79000	 0.33000	 0.45000	 2.37000	 -3.79000	 -1.15000	5	
Sat Feb  8 21:03:32 2020	 512.0	 0.00000	 -7.94000	 0.39000	 0.55000	 2.09000	 -2.44000	 -1.57000	5	
Sat Feb  8 21:03:33 2020	 513.0	 0.00000	 -7.88000	 0.29000	 0.58000	 0.96000	 -2.60000	 -1.56000	5	
Sat Feb  8 21:03:33 2020	 514.0	 0.00000	 -7.77000	 0.37000	 0.47000	 1.41000	 -5.04000	 -2.15000	5	
Sat Feb  8 21:03:33 2020	 515.0	 0.00000	 -7.86000	 0.39000	 0.45000	 1.61000	 -6.44000	 -2.01000	5	
Sat Feb  8 21:03:33 2020	 516.0	 0.00000	 -7.79000	 0.32000	 0.59000	 1.15000	 -3.54000	 -0.85000	5	
Sat Feb  8 21:03:34 2020	 517.0	 0.00000	 -7.87000	 0.41000	 0.58000	 3.28000	 -3.11000	 -1.02000	5	
Sat Feb  8 21:03:34 2020	 518.0	 0.00000	 -7.99000	 0.36000	 0.47000	 2.00000	 -4.02000	 -1.11000	5	
Sat Feb  8 21:03:34 2020	 519.0	 0.00000	 -7.78000	 0.35000	 0.44000	 1.87000	 -4.68000	 -1.47000	5	
Sat Feb  8 21:03:34 2020	 520.0	 0.00000	 -7.87000	 0.34000	 0.47000	 1.98000	 -3.47000	 -1.89000	5	
Sat Feb  8 21:03:35 2020	 521.0	 0.00000	 -7.88000	 0.42000	 0.60000	 1.42000	 -3.12000	 -0.80000	5	
Sat Feb  8 21:03:35 2020	 522.0	 0.00000	 -7.87000	 0.33000	 0.45000	 0.98000	 -3.11000	 1.40000	5	
Sat Feb  8 21:03:35 2020	 523.0	 0.00000	 -7.85000	 0.37000	 0.42000	 1.35000	 -4.66000	 -2.36000	5	
Sat Feb  8 21:03:35 2020	 524.0	 0.00000	 -7.83000	 0.37000	 0.42000	 2.56000	 -2.01000	 -0.50000	5	
Sat Feb  8 21:03:36 2020	 525.0	 0.00000	 -7.91000	 0.46000	 0.61000	 2.77000	 -2.89000	 -2.44000	5	
Sat Feb  8 21:03:36 2020	 526.0	 0.00000	 -7.92000	 0.40000	 0.60000	 3.44000	 0.62000	 -0.42000	5	
Sat Feb  8 21:03:36 2020	 527.0	 0.00000	 -7.86000	 0.38000	 0.43000	 1.83000	 -4.30000	 -1.69000	5	
Sat Feb  8 21:03:37 2020	 528.0	 0.00000	 -7.84000	 0.32000	 0.25000	 1.37000	 -3.04000	 -0.87000	5	
Sat Feb  8 21:03:37 2020	 529.0	 0.00000	 -7.87000	 0.37000	 0.44000	 2.34000	 -4.52000	 -2.31000	5	
Sat Feb  8 21:03:37 2020	 530.0	 0.00000	 -7.81000	 0.41000	 0.39000	 2.08000	 -2.78000	 -2.41000	5	
Sat Feb  8 21:03:37 2020	 531.0	 0.00000	 -7.80000	 0.33000	 0.34000	 1.31000	 -3.66000	 -0.99000	5	
Sat Feb  8 21:03:38 2020	 532.0	 0.00000	 -7.97000	 0.46000	 0.34000	 2.21000	 -3.14000	 -1.08000	5	
Sat Feb  8 21:03:38 2020	 533.0	 0.00000	 -8.03000	 0.49000	 0.51000	 2.36000	 -4.22000	 1.30000	5	
Sat Feb  8 21:05:05 2020	 870.0	 0.00000	 -7.77000	 0.26000	 0.86000	 1.60000	 -4.31000	 -1.13000	6	
Sat Feb  8 21:05:05 2020	 871.0	 0.00000	 -7.80000	 0.26000	 0.86000	 1.66000	 -4.20000	 -1.32000	6	
Sat Feb  8 21:05:05 2020	 872.0	 0.00000	 -7.78000	 0.25000	 0.95000	 1.70000	 -4.03000	 -1.45000	6	
Sat Feb  8 21:05:06 2020	 873.0	 0.00000	 -7.76000	 0.27000	 0.94000	 1.92000	 -4.16000	 -1.37000	6	
Sat Feb  8 21:05:06 2020	 874.0	 0.00000	 -7.74000	 0.30000	 0.91000	 1.79000	 -4.15000	 -1.29000	6	
Sat Feb  8 21:05:06 2020	 875.0	 0.00000	 -7.72000	 0.24000	 0.90000	 1.74000	 -4.06000	 -1.37000	6	
Sat Feb  8 21:05:06 2020	 876.0	 0.00000	 -7.75000	 0.28000	 0.92000	 1.72000	 -3.99000	 -1.31000	6	
Sat Feb  8 21:05:07 2020	 877.0	 0.00000	 -7.73000	 0.28000	 0.98000	 1.85000	 -4.06000	 -1.36000	6	
Sat Feb  8 21:05:07 2020	 878.0	 0.00000	 -7.77000	 0.26000	 0.95000	 1.69000	 -4.10000	 -1.31000	6	
Sat Feb  8 21:05:07 2020	 879.0	 0.00000	 -7.80000	 0.23000	 0.90000	 1.67000	 -4.33000	 -1.53000	6	
Sat Feb  8 21:05:07 2020	 880.0	 0.00000	 -7.77000	 0.29000	 0.88000	 1.86000	 -3.98000	 -1.41000	6	
Sat Feb  8 21:05:08 2020	 881.0	 0.00000	 -7.80000	 0.29000	 0.88000	 1.64000	 -4.15000	 -1.33000	6	
Sat Feb  8 21:05:08 2020	 882.0	 0.00000	 -7.80000	 0.26000	 0.90000	 1.80000	 -4.25000	 -1.14000	6	
Sat Feb  8 21:05:08 2020	 883.0	 0.00000	 -7.83000	 0.27000	 0.89000	 1.65000	 -4.14000	 -1.38000	6	
Sat Feb  8 21:05:08 2020	 884.0	 0.00000	 -7.82000	 0.29000	 0.91000	 1.66000	 -4.00000	 -1.52000	6	
Sat Feb  8 21:05:09 2020	 885.0	 0.00000	 -7.79000	 0.27000	 0.88000	 1.60000	 -3.99000	 -1.37000	6	
Sat Feb  8 21:05:09 2020	 886.0	 0.00000	 -7.80000	 0.28000	 0.90000	 1.87000	 -4.08000	 -1.50000	6	
Sat Feb  8 21:05:09 2020	 887.0	 0.00000	 -7.77000	 0.31000	 0.92000	 1.68000	 -4.19000	 -1.37000	6	
Sat Feb  8 21:05:10 2020	 888.0	 0.00000	 -7.76000	 0.29000	 0.86000	 1.77000	 -4.22000	 -1.17000	6	
Sat Feb  8 21:05:10 2020	 889.0	 0.00000	 -7.83000	 0.28000	 0.86000	 1.76000	 -4.15000	 -1.34000	6	
Sat Feb  8 21:05:10 2020	 890.0	 0.00000	 -7.75000	 0.31000	 0.90000	 1.69000	 -4.04000	 -1.31000	6	
Sat Feb  8 21:05:10 2020	 891.0	 0.00000	 -7.76000	 0.24000	 0.92000	 1.81000	 -4.18000	 -1.32000	6	
Sat Feb  8 21:05:11 2020	 892.0	 0.00000	 -7.76000	 0.24000	 0.92000	 1.92000	 -3.92000	 -1.53000	6	
Sat Feb  8 21:05:11 2020	 893.0	 0.00000	 -7.75000	 0.32000	 0.93000	 1.79000	 -4.21000	 -1.35000	6	
Sat Feb  8 21:05:11 2020	 894.0	 0.00000	 -7.77000	 0.26000	 0.92000	 1.62000	 -3.96000	 -1.34000	6	
Sat Feb  8 21:05:11 2020	 895.0	 0.00000	 -7.79000	 0.31000	 0.93000	 1.78000	 -4.02000	 -1.37000	6	
Sat Feb  8 21:05:12 2020	 896.0	 0.00000	 -7.74000	 0.27000	 0.88000	 1.62000	 -4.02000	 -1.40000	6	
Sat Feb  8 21:05:12 2020	 897.0	 0.00000	 -7.76000	 0.22000	 0.90000	 1.79000	 -4.09000	 -1.38000	6	
Sat Feb  8 21:05:12 2020	 898.0	 0.00000	 -7.81000	 0.26000	 0.96000	 1.79000	 -4.24000	 -1.35000	6	
Sat Feb  8 21:05:12 2020	 899.0	 0.00000	 -7.75000	 0.32000	 0.88000	 1.65000	 -4.15000	 -1.36000	6	
Sat Feb  8 21:05:13 2020	 900.0	 0.00000	 -7.80000	 0.26000	 0.91000	 1.68000	 -4.11000	 -1.32000	6	
Sat Feb  8 21:05:13 2020	 901.0	 0.00000	 -7.75000	 0.27000	 1.00000	 1.76000	 -4.31000	 -1.37000	6	
Sat Feb  8 21:05:13 2020	 902.0	 0.00000	 -7.76000	 0.27000	 0.91000	 1.83000	 -4.04000	 -1.31000	6	
Sat Feb  8 21:05:13 2020	 903.0	 0.00000	 -7.77000	 0.31000	 0.96000	 1.68000	 -4.17000	 -1.31000	6	
Sat Feb  8 21:05:14 2020	 904.0	 0.00000	 -7.78000	 0.32000	 0.92000	 1.59000	 -3.98000	 -1.42000	6	
Sat Feb  8 21:05:14 2020	 905.0	 0.00000	 -7.78000	 0.28000	 0.88000	 1.34000	 -4.14000	 -1.25000	6	
Sat Feb  8 21:05:14 2020	 906.0	 0.00000	 -7.79000	 0.28000	 0.96000	 1.87000	 -4.26000	 -1.37000	6	
Sat Feb  8 21:05:14 2020	 907.0	 0.00000	 -7.78000	 0.22000	 0.83000	 1.94000	 -4.11000	 -1.43000	6	
Sat Feb  8 21:05:15 2020	 908.0	 0.00000	 -7.84000	 0.29000	 0.88000	 1.59000	 -4.14000	 -1.40000	6	
Sat Feb  8 21:05:15 2020	 909.0	 0.00000	 -7.79000	 0.27000	 0.89000	 1.55000	 -4.03000	 -1.34000	6	
Sat Feb  8 21:05:15 2020	 910.0	 0.00000	 -7.79000	 0.24000	 0.85000	 1.82000	 -4.32000	 -1.47000	6	
Sat Feb  8 21:05:16 2020	 911.0	 0.00000	 -7.79000	 0.27000	 0.93000	 1.62000	 -3.95000	 -1.21000	6	
Sat Feb  8 21:05:17 2020	 916.0	 0.00000	 -7.79000	 0.29000	 0.94000	 1.63000	 -4.05000	 -1.37000	6	
Sat Feb  8 21:05:17 2020	 917.0	 0.00000	 -7.80000	 0.28000	 0.87000	 1.73000	 -3.92000	 -1.31000	6	
Sat Feb  8 21:05:17 2020	 918.0	 0.00000	 -7.77000	 0.26000	 0.92000	 1.63000	 -4.04000	 -1.58000	6	
